100D2 6 3000 1 0.00001  (L1 enabled) 4pt
0.110712 
0.110571
0.111219
0.111000
0.109743
0.112010
0.110136 
0.110734
0.109750

100D2 600 3000 1 0.00001 (L1 enabled) 4pt
1.228280
1.234168

100D2 6 3000 1 0.00001  (L1 disabled) 4pt
0.131142
0.129589
0.134454
0.131547

100D2 6 3000 10 0.00001 (L1 enabled ) 4pt
0.018646
0.018033
0.020073
0.018604
0.018356

100D2 6 3000 10 0.00001 (L1 disabled ) 4pt
0.019964
0.023102
0.020392
0.019348
0.020033

100D2 6 3000 1 0.00001  (L1 enabled) 4pt
0.127070
0.124672
0.126655

100D2 6 3000 10 0.00001 (L1 enabled ) 2pt
0.021759
0.019886
0.021810
0.018135
0.019231


100D2 6 3000 10 0.00001 (L1 enabled ) 1pt
0.019249
0.019693 
0.020912

100D2 6 3000 1 0.00001  (L1 enabled ) 1pt
0.130303
0.129412
0.129854


100D2 6 3000 1 0.00001  (L1 enabled) 8pt
0.103155
0.108802
0.106058
0.106651 
0.103681

100D2 6 3000 10 0.00001  (L1 enabled) 8pt
0.017967
0.017562
0.017248
0.017766

100D2 6 3000 10 0.00001  (L1 enabled) 16pt
0.017371 

100D2 6 3000 1 0.00001  (L1 enabled) 16pt
0.102832
0.104473
0.105754

100D2 6000 3000 1 0.00001  (L1 enabled) 16pt
5.745303
5.724554

100D2 6 3000 1 0.00001  (L1 enabled) 32pt
0.109952
0.110214

________

2D 6 3000 10 0.00001 4pt
0.000804
0.000773
0.000759 
0.000999

2D 6 3000 10 0.00001 2pt con 1pt  è uguale 
0.000930                    0.000780
0.000782
0.000776

8pt 16 pt tutti uguali
0.000784

32pt
0.001157 